37.000
45.000
35.000
33.000
31.000
33.000
34.000
33.000
39.000
41.000
41.000
48.000
36.000
31.000
36.000
45.000
48.000
45.000
39.000
36.000
35.000
42.000
29.000
31.000
36.000
33.000
33.000
30.000
22.000
20.000
18.000
19.000
22.000
23.000
25.000
31.000
32.000
35.000
39.000
38.000
39.000
65.000
67.000
69.000
77.000
69.000
81.000
75.000
58.000
35.000
36.000
32.000
36.000
26.000
26.000
20.000
24.000
23.000
18.000
19.000
25.000
36.000
44.000
50.000
47.000
44.000
49.000
50.000
56.000
64.000
53.000
61.000
67.000
66.000
55.000
46.000
39.000
33.000
33.000
33.000
30.000
41.000
36.000
33.000
31.000
30.000
30.000
34.000
27.000
29.000
28.000
31.000
35.000
33.000
31.000
29.000
32.000
37.000
39.000
36.000
33.000
28.000
27.000
31.000
31.000
30.000
38.000
45.000
55.000
39.000
44.000
39.000
40.000
40.000
36.000
39.000
38.000
36.000
40.000
47.000
52.000
51.000
58.000
32.000
36.000
38.000
39.000
40.000
45.000
51.000
52.000
48.000
48.000
43.000
44.000
38.000
35.000
35.000
34.000
33.000
32.000
31.000
38.000
38.000
44.000
42.000
47.000
59.000
55.000
52.000
52.000
51.000
43.000
37.000
36.000
46.000
49.000
51.000
50.000
47.000
50.000
56.000
62.000
44.000
42.000
44.000
39.000
46.000
61.000
65.000
68.000
54.000
59.000
55.000
52.000
51.000
57.000
53.000
46.000
50.000
47.000
51.000
56.000
67.000
51.000
50.000
57.000
52.000
58.000
102.000
108.000
114.000
127.000
134.000
149.000
138.000
97.000
78.000
74.000
74.000
65.000
61.000
78.000
84.000
92.000
70.000
67.000
54.000
51.000
56.000
56.000
61.000
67.000
65.000
61.000
65.000
74.000
76.000
72.000
68.000
67.000
60.000
48.000
37.000
39.000
40.000
37.000
55.000
52.000
40.000
57.000
55.000
54.000
63.000
52.000
44.000
27.000
25.000
20.000
19.000
19.000
21.000
24.000
20.000
19.000
21.000
19.000
25.000
25.000
17.000
17.000
16.000
15.000
20.000
20.000
18.000
27.000
27.000
20.000
27.000
30.000
29.000
33.000
34.000
37.000
34.000
34.000
31.000
37.000
34.000
37.000
39.000
45.000
44.000
42.000
46.000
33.000
26.000
32.000
36.000
33.000
30.000
30.000
33.000
36.000
34.000
23.000
30.000
