43.553
43.985
44.311
33.301
33.015
33.306
33.605
33.217
33.609
38.945
39.242
39.959
42.963
42.206
42.290
38.164
38.095
38.446
46.186
45.917
45.575
36.277
36.819
37.067
30.923
31.531
32.105
29.704
29.558
29.877
22.359
23.229
24.463
24.917
26.061
27.573
35.791
35.787
36.487
38.814
37.977
38.114
48.571
46.069
44.972
59.629
56.298
54.454
63.202
59.968
58.239
33.188
33.685
34.967
25.703
27.214
29.346
25.277
27.129
29.477
22.759
25.160
27.933
40.163
39.383
39.799
44.889
43.094
42.496
55.322
53.879
52.984
57.056
55.600
54.622
42.532
41.438
41.202
28.472
27.802
28.626
31.115
31.882
33.570
36.536
36.905
38.129
33.916
35.334
37.008
31.692
32.747
34.188
32.135
32.565
33.619
33.492
34.524
35.935
34.479
33.910
34.580
29.398
29.460
30.599
33.509
34.311
35.683
44.818
44.907
45.717
39.042
38.215
38.656
39.932
39.012
39.007
36.720
36.933
37.339
55.861
54.708
53.833
45.851
43.812
42.877
36.874
36.501
36.895
43.451
42.784
42.879
45.001
43.852
43.707
41.362
40.140
39.962
37.095
36.254
36.124
34.594
34.537
34.900
51.628
52.127
52.535
46.481
46.536
46.885
48.257
47.738
47.747
41.346
41.298
41.839
45.255
45.905
46.874
49.717
49.288
49.358
56.582
55.008
53.789
42.289
42.490
42.353
59.115
60.054
59.929
58.715
56.861
55.703
54.391
53.739
53.948
61.743
61.033
61.146
49.787
49.942
50.762
61.330
59.910
59.294
48.108
46.510
45.802
49.400
47.297
46.167
112.894
103.391
96.570
137.434
123.304
113.511
71.355
67.451
65.478
62.805
60.436
59.621
82.221
76.814
74.126
58.253
53.200
51.312
54.921
52.865
52.538
60.350
59.783
60.074
63.373
63.064
63.443
57.531
55.781
55.553
51.020
49.338
49.408
34.607
34.968
36.470
52.010
52.173
53.133
56.081
56.093
56.981
54.858
52.114
51.459
29.553
29.986
31.654
23.563
26.075
29.060
23.395
24.656
27.019
22.860
23.779
25.850
28.678
29.265
30.890
21.139
22.451
24.646
22.856
24.199
26.257
27.681
28.889
30.546
32.296
33.545
34.977
38.668
39.963
41.259
36.260
36.268
36.936
34.082
33.285
33.722
40.670
39.489
39.689
41.448
40.270
40.502
34.380
34.516
35.634
31.749
31.503
32.204
